0 0.5491876796379931 0.26676877628342716 0.18404354407857995
0 0.521708473223391 0.16909719682117302 0.3091943299554361
0 0.5516022643525773 0.18435477069307132 0.26404296495435153
0 0.5890748934368433 0.20339230240971612 0.20753280415344072
0 0.006439864112095638 0.8692928543530389 0.12426728153486574
0 0.6207983764579925 0.34075694202254525 0.038444681519461975
0 0.695463444363048 0.2300390304249877 0.07449752521196466
0 0.685963177651177 0.2560681351026376 0.05796868724618579
0 0.7246389676507721 0.24009611767103414 0.035264914678193704
0 0.9304839408881567 0.06382217383291879 0.005693885278924727
0 0.984304138757982 0.006570062298290407 0.009125798943727535
0 0.9834442766813292 0.008685871642436888 0.007869851676234073
0 0.9886998853804991 0.006214127127718328 0.00508598749178265
0 0.9848386193222299 0.01018986337455917 0.004971517303210829
0 0.983799870106458 0.009057965351847786 0.007142164541694053
0 0.9842181931825474 0.009501776354734502 0.00628003046271809
0 0.9835947096037714 0.01127966326734268 0.005125627128885921
0 0.42719805726926174 0.4758232461260249 0.09697869660471346
0 0.5014478255314341 0.3389321411143175 0.15962003335424838
0 0.5127365503088498 0.3531065069853459 0.1341569427058043
0 0.43925833979518786 0.4543603962569467 0.10638126394786539
0 0.475388770430677 0.253198807067302 0.271412422502021
0 0.9794205121564892 0.0058095326486580605 0.014769955194852797
0 0.9663817477590695 0.006553689343618762 0.02706456289731167
0 0.9747406516957524 0.006575785381444115 0.018683562922803484
0 0.983247443711959 0.005876230968587476 0.010876325319453675
1 5.029192019111183e-05 0.6788205032412425 0.32112920483856655
0 0.999722624445435 0.00014040861354618013 0.00013696694101883076
0 0.9996401406520308 0.00010768239422684675 0.0002521769537425455
0 0.9996704832397634 0.00011138084931478177 0.00021813591092170113
0 0.9996944522236714 0.0001591290631926906 0.00014641871313610127
0 0.8594976206256728 0.08080646663484116 0.059695912739485865
0 0.8508640968307377 0.06987890271564286 0.07925700045361922
0 0.8553576819305932 0.07387041702962019 0.07077190103978642
0 0.8444172355782228 0.09280586396879713 0.06277690045297983
1 0.005708431262643465 0.9557770915421455 0.03851447719521106
2 0.00022927705316782716 0.387543616642837 0.6122271063039949
2 0.00011352604190912034 0.176582779645679 0.8233036943124121
0 0.9862581228727386 0.010239315520048522 0.003502561607212936
0 0.9851645769801638 0.005841530188116256 0.008993892831720088
0 0.9815887338045661 0.00959673734698959 0.008814528848444367
0 0.9946864748775965 0.0032145139599903975 0.0020990111624129715
0 0.8959697563870417 0.044904265477971515 0.059125978134986816
0 0.8837617248103454 0.03752207639442679 0.07871619879522782
0 0.885642133990413 0.04097855662360339 0.07337930938598346
0 0.8999398191412128 0.042914935664201896 0.057145245194584894
0 0.40539973602976137 0.5230363369974174 0.07156392697282137
0 0.3754479419634787 0.5449714863634318 0.07958057167308939
0 0.19319761093082527 0.6460271179889344 0.16077527108024042
0 0.4428991763349834 0.24676635197228194 0.3103344716927346
0 0.4125464308144489 0.3365306724460514 0.25092289673949963
0 0.4848674864518046 0.3855448310415366 0.12958768250665895
0 0.1186627541229402 0.21646050528367705 0.6648767405933826
0 0.03628486912645884 0.03287548657310901 0.9308396443004321
0 0.03921843774923046 0.06965920362567676 0.8911223586250928
0 0.09493268256033974 0.1718499453668522 0.7332173720728079
0 0.9420100583098603 0.03623800067654078 0.02175194101359898
0 0.9309462280795124 0.03538546643710378 0.033668305483383974
0 0.9354994894107738 0.035748436180970865 0.02875207440825536
0 0.931270675693598 0.043341360373317296 0.025387963933084918
0 0.17999371613795817 0.5181032686179816 0.30190301524406016
1 0.005498328067971404 0.9708838578986151 0.02361781403341376
0 0.9843285064650339 0.010068207070666144 0.0056032864642998614
0 0.9863308781135699 0.004804667133031718 0.00886445475339828
0 0.9834140406363551 0.007706719295420456 0.008879240068224395
0 0.9891977004286308 0.006103389451583285 0.0046989101197861495
0 0.8395721881574342 0.14859085142340014 0.011836960419165639
0 0.8493188036186894 0.1291843554175541 0.021496840963756463
0 0.8692313952070336 0.11490581869259683 0.015862786100369345
0 0.8652827645592239 0.12372317063569845 0.010994064805077707
0 0.004875589741867102 0.036323555595314944 0.9588008546628182
1 0.0005269206622474879 0.9735955030495472 0.025877576288205254
1 0.0011186875719899467 0.8674116774799808 0.13146963494802935
0 0.3042500940811694 0.3044336003350925 0.39131630558373826
0 0.30905967537898216 0.16940272931527814 0.5215375953057397
0 0.3100673474418201 0.21541951684440003 0.47451313571378
0 0.34428001799466373 0.2622093961874707 0.39351058581786563
0 0.9956827797933796 0.003020311244514008 0.0012969089621064076
0 0.9956474631220935 0.0024570676203512515 0.001895469257555123
0 0.9957584501541669 0.002576528580703702 0.0016650212651295136
0 0.9959730662996468 0.0026736893456050874 0.00135324435474803
1 0.017118560690854306 0.7444143640757785 0.23846707523336708
0 0.014014463017764935 0.7454818550503307 0.24050368193190422
0 0.011585970016403154 0.4981418002559492 0.4902722297276474
0 0.013754235680184081 0.586496746198353 0.3997490181214628
0 0.014556854829954035 0.716076220554946 0.26936692461510003
0 0.19457290569041064 0.3322746924307373 0.47315240187885177
0 0.061801526818653245 0.0948359260705737 0.8433625471107729
0 0.1043819637084315 0.19101569277992908 0.7046023435116395
0 0.23470562110711057 0.26045045976788445 0.5048439191250047
0 0.9403794165557864 0.04225833945974781 0.017362243984465855
0 0.934732850344305 0.03938852003760505 0.025878629618090086
0 0.9396752694974846 0.03818469234686253 0.022140038155652755
0 0.9423208857501535 0.03948291161873467 0.018196202631111855
0 0.5237962334708334 0.21372146213205367 0.26248230439711295
0 0.4898670023395586 0.17376709863290699 0.33636589902753444
0 0.5060677443375011 0.18741372949514185 0.30651852616735703
0 0.5339749276605064 0.20115310493666938 0.2648719674028242
0 0.08422234112756746 0.5672068456366547 0.34857081323577765
0 0.03402819368440089 0.22621377396797887 0.7397580323476197
0 0.020646055073206365 0.9330929632436663 0.0462609816831272
0 0.16665047637041816 0.5732533810685461 0.26009614256103564
0 0.10318881394651329 0.7386696052948334 0.1581415807586534
0 0.07489886664794229 0.8603264693026488 0.06477466404940915
0 0.19701208404627674 0.5637737243327023 0.2392141916210207
0 0.2351433190812233 0.37546528416216596 0.38939139675661044
0 0.2308236561363308 0.42325936022782074 0.34591698363584844
0 0.24231528230933147 0.498543259840738 0.25914145784993053
0 0.02421412925097724 0.20826398821072345 0.7675218825382994
0 0.008797699561016841 0.6837693548306845 0.3074329456082983
0 0.9999094858700118 3.0445791568926194e-05 6.006833841905308e-05
0 0.9998128800117733 2.411840830051143e-05 0.00016300157992612252
0 0.999857058268911 3.331851333223004e-05 0.00010962321775677887
0 0.999935457054564 2.553050013439007e-05 3.9012445301477494e-05
2 0.0007207170930784193 0.041988859759461025 0.9572904231474606
1 0.0042099360536963755 0.959382738976769 0.036407324969534596
2 0.0022089730460172143 0.11646147203719914 0.8813295549167836
1 0.025705928041336878 0.8817242532955909 0.09256981866307236
0 0.9999943560634207 9.251771734588768e-07 4.718759406016898e-06
0 0.9999694288215959 4.015948920708225e-06 2.655522948336021e-05
0 0.9999781755828017 1.9890779829855445e-06 1.983533921550815e-05
0 0.9999732759651366 1.4697876478493973e-05 1.2026158384820097e-05
1 0.001975821185127915 0.9291865472362627 0.06883763157860931
1 0.01932024034082068 0.9096030664323314 0.07107669322684779
1 0.08892854503333608 0.6674294193832904 0.24364203558337394
1 0.05758519189502387 0.7678916555524291 0.1745231525525468
1 0.025871392825760352 0.8871264761872709 0.0870021309869687
1 0.004242171993942353 0.9343268775204943 0.061430950485563095
1 0.0015866826539202839 0.9547618702703078 0.043651447075771954
1 0.0035111325808977164 0.878775518015755 0.11771334940334723
1 0.00240056944303524 0.9413846369999846 0.05621479355698002
0 0.5243705347463471 0.2422715337676338 0.23335793148601883
0 0.4575736049298016 0.1740750507666003 0.3683513443035979
0 0.5021487529374229 0.1837314372954457 0.3141198097671315
0 0.5854270696360472 0.2516461971411009 0.1629267332228519
0 0.9919960655873615 0.00437298751347763 0.0036309468991606968
0 0.9895552509180439 0.003734683166096416 0.00671006591585994
0 0.9897156891761428 0.004401759624941809 0.005882551198915354
0 0.9893283161764532 0.006076935246046554 0.00459474857750029
1 0.00011341465177475626 0.8877969320455478 0.11208965330267727
2 0.00010494307304006513 0.30854693912510406 0.6913481178018559
1 0.013112297542517519 0.9236938960864984 0.06319380637098378
2 0.002707510423051211 0.2478229896183101 0.7494694999586385
2 0.0010655744088947478 0.089532160326676 0.9094022652644291
2 0.0015328558118572703 0.12665372447505427 0.8718134197130883
2 0.0028593061482705307 0.21148613782822162 0.7856545560235079
0 0.04641700588139325 0.8539082308537854 0.09967476326482128
2 0.0005455909408625715 0.32595502648968766 0.6734993825694497
0 0.04124186951639252 0.7318536283684601 0.22690450211514734
0 0.034140802791705796 0.38858875386109976 0.5772704433471947
0 0.04098033436988049 0.5200980007023273 0.43892166492779217
0 0.048444822407459495 0.6694322528129073 0.2821229247796333
0 0.4097908774501403 0.5167248809049887 0.07348424164487118
0 0.4416467193356592 0.4191574118572887 0.13919586880705187
0 0.4315348982929011 0.45401435025906145 0.11445075144803749
0 0.4104154071757427 0.5110614213997059 0.07852317142455136
1 2.2957009889810546e-05 0.6504843316475634 0.34949271134254695
2 0.0001302048328564076 0.42923923215477366 0.5706305630123701
0 0.12975686681542936 0.4370230295564618 0.43322010362810864
0 0.05889999326659792 0.14277958768796178 0.7983204190454403
0 0.08387746516891038 0.2462357698181585 0.6698867650129312
0 0.13974919422785223 0.37129252558398174 0.48895828018816606
0 0.9670202387598555 0.010861311270875173 0.022118449969269465
0 0.9618458031415794 0.005079826169433979 0.03307437068898649
0 0.9648840590192952 0.007812545067891337 0.027303395912813486
0 0.9797601152383153 0.006051868574690921 0.01418801618699388
1 0.004691915133705102 0.8923983912639257 0.10290969360236951
1 0.009366316141971264 0.7872899108060274 0.20334377305200124
1 0.007433425342553431 0.8283168960675542 0.16424967858989237
1 0.00506827787046414 0.8799607408370136 0.1149709812925222
0 0.0336362214572703 0.8236354002746054 0.14272837826812435
0 0.048168954218825354 0.5897643251493623 0.3620667206318124
0 0.04170034492258873 0.681972594692924 0.2763270603844874
0 0.04358709440177067 0.7865501074921735 0.16986279810605603
0 0.9575777218850432 0.009402579029599055 0.0330196990853577
0 0.9386352685568728 0.006558860999502724 0.05480587044362426
0 0.9435902488113351 0.009092603856690928 0.047317147331973806
0 0.9708564166471899 0.0063670538734610874 0.022776529479348932
1 0.00045391187518242397 0.8439949165857077 0.15555117153911005
1 0.00021004103742168977 0.5540688627214277 0.4457210962411505
1 0.00018614253828084802 0.6896684140636431 0.31014544339807604
1 0.0006825908370273635 0.8280156032466582 0.17130180591631425
1 0.003802491224849679 0.8846610407655788 0.11153646800957148
0 0.8812352487036109 0.057090815162093404 0.06167393613429559
0 0.8730577595126304 0.06274507054760854 0.06419716993976093
0 0.9554619786690672 0.02699583780841928 0.017542183522513518
0 0.9813174704175017 0.013494380664650158 0.005188148917848043
0 0.9851097399645313 0.008605425321850187 0.006284834713618454
0 0.983876053200989 0.009547720437663174 0.006576226361347588
0 0.9849096985566236 0.010274125011121354 0.004816176432255012
2 0.0011131471832388651 0.305038110842775 0.6938487419739862
0 0.3729399422431791 0.2981605958043242 0.32889946195249664
0 0.3339389201718899 0.17054119820598848 0.49551988162212174
0 0.3343407887080091 0.2075006696162794 0.4581585416757114
0 0.4242370936356102 0.24337605930521675 0.33238684705917304
0 0.08315400132957772 0.6845005086172785 0.23234549005314348
0 0.07614603982743463 0.42535938276785296 0.49849457740471226
0 0.08714034245432724 0.5270313196877345 0.38582833785793796
0 0.08338333007897257 0.6584188430409927 0.25819782688003473
1 0.004006551297855873 0.9746484814640118 0.021344967238132527
1 0.0023422435402585193 0.9716579572467015 0.02599979921303994
0 0.021560260045480506 0.6850436040381276 0.2933961359163917
0 0.015008320154278281 0.4249674147583069 0.5600242650874148
0 0.018334924545542967 0.5143457298304054 0.46731934562405164
0 0.019824501607615386 0.6532700870000209 0.32690541139236334
0 0.01848835084158405 0.7199267454645204 0.2615849036938954
0 0.37209874516664504 0.40615790171859895 0.22174335311475604
0 0.3544957353082596 0.20465889291269013 0.44084537177905037
0 0.40173654573780204 0.24222767031762116 0.3560357839445768
0 0.43623529361767366 0.315991939688729 0.2477727666935972
1 0.0003407926672490629 0.8460659221054337 0.15359328522731736
1 2.3982727668932124e-06 0.7580179874584009 0.2419796142688322
1 0.0001840374065100029 0.8710437097699754 0.12877225282351445
1 0.000240537627402541 0.9142671144932065 0.08549234787939079
1 0.0006695382607001521 0.843464491748807 0.15586596999049318
1 0.00028941255895933787 0.9032144129828256 0.0964961744582152
0 0.220247117502449 0.6530591585175324 0.1266937239800188
0 0.3728878712176567 0.35983503922676907 0.26727708955557444
0 0.36505689232313004 0.42431757982582263 0.21062552785104718
0 0.35133342869313644 0.5056406494246448 0.1430259218822188
1 0.0757308964962667 0.4821977751902685 0.4420713283134645
1 0.013659021558504325 0.8811214386085465 0.10521953983294906
0 0.5761328054794159 0.28877669836906045 0.13509049615152358
0 0.534760483502158 0.25045277767125707 0.21478673882658486
0 0.5757417344009332 0.2529572083891304 0.17130105720993619
0 0.6064499844356199 0.2673548819523662 0.12619513361201373
0 0.045992147886251014 0.8157573786629283 0.13825047345082067
2 0.001012588990051065 0.4046905272850544 0.5942968837248945
1 0.0013251760389935525 0.6461790310022235 0.3524957929587827
0 0.8218963535123692 0.09276142390462322 0.08534222258300778
0 0.8015629597380745 0.07404956801671082 0.12438747224521471
0 0.8121365586014859 0.0837632263872989 0.10410021501121514
0 0.8458849928221951 0.09347414176346343 0.060640865414341445
1 0.00019386351838754685 0.8690898307257722 0.13071630575584045
2 5.8822681928808594e-05 0.21771566897721673 0.7822255083408544
0 0.7741704279682321 0.21563457116715137 0.010195000864616485
0 0.8197383157145004 0.1557301816778737 0.02453150260762581
0 0.8248657101184271 0.15742449558124896 0.01770979430032409
0 0.7668068078477511 0.22015019076249068 0.013043001389758143
0 0.11269269359559515 0.732321768874154 0.1549855375302507
0 0.18648430183788375 0.49212288539622007 0.3213928127658961
0 0.16627258571533937 0.5634833261369523 0.2702440881477079
0 0.1267655680197186 0.701424875764641 0.1718095562156406
0 0.4767471331899996 0.28591054576158104 0.23734232104841957
0 0.5116702920187726 0.1690858100978741 0.3192438978833536
0 0.503441182690722 0.185677903728427 0.3108809135808508
0 0.5860694055551364 0.2065963492898566 0.20733424515500684
0 0.9915192165468721 0.002262451454676689 0.006218331998451167
1 0.00041417316674469227 0.836519069940082 0.16306675689317324
2 1.3857593255495916e-05 0.11622571692342037 0.8837604254833238
1 0.00031613179224079015 0.9797344024836141 0.019949465724145243
1 7.881584908686718e-05 0.9369779655876621 0.06294321856325108
0 0.32472201541986623 0.5734015056502941 0.10187647892983968
1 0.04050358570018367 0.7102624625072713 0.24923395179254484
1 0.0028040474620838257 0.69769533843448 0.29950061410343637
0 0.4722778834687987 0.4977084740658953 0.03001364246530599
0 0.5532216487374744 0.38951343875783634 0.057264912504689125
0 0.564619120013251 0.39194810851360157 0.043432771473147495
0 0.5492895313947318 0.4207543289407605 0.0299561396645077
0 0.12269167780852108 0.5126960071259994 0.3646123150654795
1 0.0004690468844587417 0.7094734707180357 0.2900574823975058
1 0.005926583095432132 0.666669926380072 0.327403490524496
1 0.00020245623203778805 0.8679491052691153 0.1318484384988471
0 0.16762527854309983 0.7713212522722213 0.0610534691846791
0 0.9240307963306866 0.056334167102936095 0.01963503656637738
0 0.9361243199051027 0.03163464759971425 0.03224103249518298
0 0.922830124043462 0.045396074649927357 0.03177380130661065
0 0.9545007239711825 0.028718739472569838 0.016780536556247817
0 0.33605179280328534 0.610372281625305 0.05357592557140952
0 0.4848088166349649 0.38355609426650217 0.13163508909853297
0 0.4353996818560353 0.4589874464433904 0.10561287170057422
0 0.45836344338484164 0.4879801711162247 0.053656385498933756
1 0.002396534147825772 0.6925061639715607 0.30509730188061335
2 0.010281260317258548 0.046884849511024534 0.9428338901717168
0 0.9289154796387977 0.025117179910394576 0.04596734045080775
0 0.9255579632129751 0.016332961522107434 0.05810907526491751
0 0.9128917314518162 0.020760100963756467 0.06634816758442723
0 0.9482947009108037 0.017635352135998487 0.03406994695319793
1 0.017584975436823382 0.9080590461879144 0.07435597837526237
0 0.06921254879244103 0.7787206583050263 0.15206679290253255
0 0.05210917710075383 0.4136265116114561 0.53426431128779
0 0.06458438769725146 0.5501744895577314 0.38524112274501693
0 0.10827828752645217 0.6924129037396677 0.1993088087338803
0 0.48618469820109145 0.4391184100507933 0.07469689174811522
0 0.5818739410108527 0.30296207585499807 0.11516398313414906
0 0.5716969016134308 0.3260179573927669 0.10228514099380193
0 0.5227826974159893 0.3991651334028412 0.07805216918116983
1 0.004006696756593209 0.9557846708040123 0.0402086324393943
0 0.03355592490434286 0.8273026915493226 0.13914138354633449
2 0.021379800302303412 0.16214382768955354 0.816476372008143
0 0.17574838648666594 0.5683169863890984 0.25593462712423565
0 0.15778185409804812 0.3607969809654032 0.48142116493654863
0 0.16683317713418416 0.4277773987151545 0.4053894241506617
0 0.19191749608901862 0.5219773582398618 0.2861051456711196
1 0.014753187678441823 0.6933566680826664 0.29189014423889187
1 0.006791368533209478 0.9265883234255822 0.06662030804120848
0 0.3912619397464306 0.5334029655677953 0.07533509468577426
1 0.0025183956351281134 0.6315531378874393 0.36592846647743277
0 0.9091078663080953 0.018853599133351693 0.07203853455855304
0 0.8946431484393365 0.01353205773779574 0.09182479382286778
0 0.9012715157750031 0.01639531355590697 0.08233317066908964
0 0.922769621699647 0.01611053355801979 0.06111984474233312
1 0.004925300525832747 0.7644905097869927 0.2305841896871744
0 0.003573684563763563 0.42071582695095994 0.5757104884852765
0 0.004070430283172729 0.5442608705247922 0.4516686991920349
0 0.005713888146669852 0.6684593838747518 0.3258267279785784
0 0.9916567532558865 0.007145590161079148 0.0011976565830342928
0 0.9940586311041091 0.004409133685627351 0.0015322352102634948
0 0.9935432049588631 0.0049210775734623855 0.001535717467674372
0 0.9946243511401063 0.004413860394784634 0.0009617884651091899
1 0.005925866518858707 0.7924716551055064 0.20160247837563477
0 0.9928132897082188 0.005675375555435824 0.0015113347363451975
0 0.9933754657276436 0.004097341908276807 0.0025271923640796568
0 0.9930459443985901 0.004612341210397745 0.002341714391012016
0 0.9946965023861292 0.004045148744647817 0.0012583488692230343
0 0.5680305020940608 0.3845954125297096 0.04737408537622979
0 0.9206640145109343 0.07290453257762879 0.006431452911436851
0 0.9446549904318963 0.044207075689119024 0.01113793387898467
0 0.9406368136707033 0.04925940478573991 0.010103781543556766
0 0.9387287358958439 0.05521797213062363 0.00605329197353236
0 0.7764445535007103 0.15932396063154897 0.06423148586774072
0 0.8996972250428458 0.03682480276297556 0.06347797219417897
0 0.9056774712478485 0.049374609519347724 0.04494791923280388
0 0.9352026737258077 0.04338856191094853 0.0214087643632437
0 0.6801528452252751 0.2839867916519224 0.03586036312280249
0 0.8556436427085776 0.09669792276073184 0.04765843453069068
0 0.8186632296514987 0.12663519689199126 0.05470157345651015
0 0.8711832940736733 0.10340855988653556 0.025408146039791153
0 0.7665182393525017 0.21678667310317967 0.01669508754431851
0 0.8328837439425018 0.1282317527272434 0.03888450333025486
0 0.8093318109306211 0.15551702372558196 0.03515116534379684
0 0.8751178619376182 0.11187223887134409 0.013009899191037594
1 0.0005529353650349563 0.849274856813923 0.15017220782104201
2 0.0014414393323202448 0.15155486603121215 0.8470036946364679
0 0.9598337746182434 0.03187064146656263 0.008295583915194112
0 0.9751968228884725 0.01685092783491446 0.007952249276613008
0 0.973119853655423 0.018096421108474252 0.008783725236102645
0 0.9709554058783877 0.021838965564447865 0.0072056285571644885
0 0.9540204962845661 0.030659707911242198 0.015319795804191754
0 0.9573719308884833 0.02308553821978406 0.019542530891732593
0 0.9535840227724586 0.027705931533007686 0.018710045694533748
0 0.9587010859430459 0.02805017172689583 0.013248742330058362
0 0.578243291049644 0.1644237824909207 0.25733292645943523
0 0.4984199776246223 0.07317488115389736 0.42840514122148043
0 0.5377498622836149 0.09899108758824303 0.36325905012814164
0 0.5552321616238806 0.16145341776144176 0.28331442061467754
0 0.9933903751142575 0.004877815825010996 0.001731809060731695
0 0.993210589819508 0.0044551071591415956 0.0023343030213502725
0 0.9931129040862458 0.004731859726521779 0.0021552361872326114
0 0.9922505074865516 0.0058037730490794566 0.0019457194643688724
0 0.9963550908871353 0.002275415481425885 0.001369493631438782
0 0.9963612526884876 0.0014372693595658844 0.0022014779519463597
0 0.9958366092680797 0.0017220820973277806 0.0024413086345925466
0 0.9971795629545935 0.0017025131391712116 0.001117923906235568
1 0.0066938592970979425 0.9609617644811309 0.0323443762217713
0 0.05552476195373056 0.8496707124287742 0.09480452561749542
0 0.1619935861074146 0.6012029863459469 0.23680342754663844
0 0.12459339135433317 0.6866447687190377 0.188761839926629
0 0.09072643767500682 0.79966655680376 0.10960700552123313
0 0.9912180419986805 0.005109184057412972 0.003672773943906572
0 0.9922478233972077 0.001997912958460314 0.00575426364433205
0 0.9926817174496185 0.002676237563915909 0.004642044986465585
0 0.9959958085852153 0.002147611183151592 0.0018565802316331767
1 0.014381275187257365 0.9215949599419814 0.06402376487076135
0 0.07003545595786027 0.8140346030377635 0.11592994100437638
2 8.035840232912438e-05 0.22605643994910915 0.7738632016485617
0 0.38318134274106497 0.5510628108232928 0.06575584643564224
0 0.9918417705434815 0.007369910018602813 0.0007883194379156594
0 0.9964967292644874 0.002682077260252279 0.0008211934752603853
0 0.9971823714102515 0.0019046962694546856 0.0009129323202938928
0 0.9940142417441464 0.005064860810408203 0.0009208974454454567
0 0.9989995509572553 0.00014725788596437608 0.000853191156780259
0 0.9981227249433532 0.00014240840981735205 0.0017348666468294256
0 0.9985209088247936 0.00015443565097885534 0.0013246555242274088
0 0.9988826279869558 0.00017434184639432467 0.0009430301666497881
0 0.7935946376629719 0.05489116105251186 0.1515142012845163
0 0.7616383513364092 0.03747271536777029 0.20088893329582044
0 0.739726295583172 0.04971206149823475 0.21056164291859306
0 0.798640303840255 0.05113379009960198 0.1502259060601428
2 0.006592596636213173 0.10507393213710685 0.8883334712266803
2 0.0028297805838034848 0.039039758859754074 0.9581304605564425
1 0.012794341709141913 0.9174287808760083 0.06977687741484981
1 0.04020427962280757 0.7534698780869866 0.2063258422902059
1 0.027881735465436833 0.8261660266715123 0.145952237863051
1 0.014071686208081882 0.9063580124597966 0.0795703013321215
1 8.337761424849408e-05 0.9897814972665594 0.010135125119192095
1 1.3086217315397934e-05 0.9437861882704253 0.0562007255122591
0 0.23218198190096773 0.701756745831282 0.06606127226775009
0 0.9526624275644097 0.04437916464500225 0.002958407790588065
0 0.9713158917217708 0.023517594567286408 0.005166513710942647
0 0.9673144882142816 0.027648634411548068 0.0050368773741704355
0 0.9611472260444617 0.03565978803972196 0.003192985915816388
1 0.006385757192071755 0.7995705065756032 0.19404373623232488
1 0.038958645401417843 0.7879852002151937 0.1730561543833881
0 0.13384191283594588 0.4175553001041712 0.4486027870598826
1 0.0948175729688057 0.5640529303273116 0.34112949670388243
1 0.0515722470155586 0.761743836281996 0.18668391670244536
0 0.0288615564989409 0.5777288968204427 0.3934095466806163
0 0.94807671055113 0.04817547963426851 0.003747809814601336
0 0.9581458566414172 0.032494332585337876 0.009359810773245136
0 0.9568446029191814 0.03557629518961833 0.007579101891200608
0 0.9602206935781071 0.036027113588342444 0.0037521928335505065
1 0.0069356821293594445 0.8621531737936629 0.13091114407697768
1 0.015544739057176545 0.583767772218362 0.40068748872446164
1 0.010635769273642645 0.6872442909761209 0.3021199397502361
1 0.009623470551204757 0.8306777344938926 0.15969879495490258
1 0.0025241984971893943 0.4905766889474209 0.5068991125553899
0 0.5905225203956422 0.35522224692759086 0.054255232676766865
2 0.004060819637734083 0.08458416331992227 0.9113550170423432
0 0.10765764087375672 0.8234390895309328 0.06890326959531033
2 0.0021730297671780593 0.12730034701073714 0.8705266232220846
0 0.9986055166271536 0.0007443944752107657 0.0006500888976359129
0 0.9984987283452457 0.0007042502651600104 0.0007970213895944509
0 0.9984554288356808 0.0007322782697916481 0.0008122928945276525
0 0.9985529658622382 0.0007962161644454254 0.000650817973316425
0 0.9227863719914381 0.046817398251260384 0.030396229757301538
0 0.917548516483098 0.033657767343024704 0.048793716173877365
0 0.914695732423613 0.0410351101652629 0.04426915741112387
0 0.9557327206852336 0.0285820528975494 0.01568522641721699
0 0.9799653855186529 0.01980662845459337 0.00022798602675379507
0 0.9857072594735938 0.011765966243872623 0.0025267742825336183
0 0.9901469122539408 0.008720974523080965 0.001132113222978344
0 0.9882780207909262 0.01136213196934677 0.0003598472397270148
0 0.011939365561947581 0.8062982199499983 0.18176241448805408
0 0.013371840155324348 0.6603513770162139 0.32627678282846173
0 0.014204964179007537 0.714658484707674 0.27113655111331814
0 0.012572893819240033 0.7863290268981307 0.2010980792826293
1 0.004322598330440729 0.6641911071958767 0.3314862944736825
0 0.0712000639574562 0.7951482462152114 0.1336516898273323
1 0.0023467921375185516 0.8242730890746599 0.1733801187878215
0 0.04437863461875103 0.6640214588725186 0.29159990650873013
0 0.4629317381096801 0.2006046786878326 0.3364635832024872
0 0.4015606969473104 0.07529239684697277 0.5231469062057169
0 0.4263351259514993 0.1151346649083315 0.45853020914016906
0 0.5283713331853729 0.16539218866587188 0.3062364781487554
1 0.0006344992829778976 0.817595456680604 0.18177004403641803
1 0.00193602976801735 0.9747806438066029 0.023283326425379714
0 0.585677340231017 0.2200458161669256 0.19427684360205735
0 0.6121011866345933 0.12862357149452303 0.2592752418708834
0 0.6014553529970307 0.15685717870575147 0.24168746829721782
0 0.6487366956887217 0.16315946998014402 0.1881038343311345
0 0.16210508699810505 0.7911072166302543 0.04678769637164062
0 0.024085761270848372 0.7697429864034342 0.20617125232571765
0 0.04548773726641158 0.4084553082776776 0.5460569544559108
0 0.039240591378927984 0.5449766704323519 0.4157827381887203
0 0.043314739672216114 0.712137520040453 0.24454774028733095
0 0.9996630384279387 2.1096588074857873e-05 0.00031586498398647245
0 0.9992860707131463 1.648211505670547e-05 0.0006974471717970365
0 0.9994375019331642 2.3190798114119132e-05 0.0005393072687216403
0 0.999750102053011 1.6950357950592715e-05 0.00023294758903827175
0 0.7966719418690602 0.1837471503420943 0.01958090778884569
0 0.9212563531834659 0.0603392235032325 0.018404423313301846
0 0.9042836343013577 0.07528413289133813 0.0204322328073041
0 0.9322006894269743 0.059791482530202195 0.008007828042823432
0 0.2903403471201947 0.47468251856756966 0.23497713431223555
0 0.2739650814964851 0.28447411244353854 0.4415608060599764
0 0.29913697471900846 0.3457982178801611 0.35506480740083035
0 0.33758187397961303 0.427867825828142 0.23455030019224493
0 0.9975610545550102 0.0019374701312482227 0.000501475313741524
0 0.9983339160157179 0.0008850262627307915 0.0007810577215512164
0 0.9979347953471812 0.0010876567604449186 0.0009775478923738155
0 0.9986184878988231 0.001013387171611447 0.00036812492956532104
2 0.0030989352848164735 0.08819042136475093 0.9087106433504325
1 0.0005777954782612564 0.9722063835466187 0.027215820975120132
1 0.0007895385892748407 0.807380659935943 0.1918298014747823
0 0.05906490974664193 0.747929865115666 0.19300522513769217
2 0.010281260317258548 0.046884849511024534 0.9428338901717168
1 0.00214934302042403 0.9446161314876645 0.053234525491911384
1 0.008683005144967178 0.791680005875535 0.1996369889794977
1 0.005491009763916715 0.8613117801466944 0.13319721008938884
1 0.004242237964467029 0.9302173167766952 0.06554044525883758
0 0.15719300248041007 0.7741489402023739 0.06865805731721603
0 0.21565795976411983 0.59614927854905 0.1881927616868301
0 0.19092731366779733 0.6616603232720725 0.14741236306013036
0 0.11203128719924742 0.8065529671538082 0.08141574564694402
0 0.1329898051106335 0.7019044165844607 0.16510577830490558
0 0.9914508595733558 0.007527448717966882 0.0010216917086770339
0 0.9919924105083092 0.0059864759724713576 0.0020211135192194827
0 0.9919397049251341 0.006291463556019162 0.0017688315188467104
0 0.992937074161619 0.0059537264354882205 0.0011091994028925149
0 0.8527562160196629 0.10665461620412015 0.04058916777621675
0 0.8621922454471574 0.08207030796890853 0.05573744658393416
0 0.8516074569074104 0.09583430712144246 0.05255823597114729
0 0.8841654517777633 0.08181557389976803 0.03401897432246847
1 0.009028136781288491 0.8367003118441012 0.1542715513746104
0 0.5629721778542618 0.32479471032021845 0.11223311182551962
0 0.6478231313507168 0.16355932365846856 0.18861754499081473
0 0.631582576985304 0.2032652428465065 0.16515218016818953
0 0.6763556219342187 0.23143349573107383 0.0922108823347075
1 0.00037256393691386313 0.8515342762749009 0.14809315978818532
1 0.0008078887070070668 0.8079149124231907 0.1912771988698022
0 0.037769532379957706 0.8661983008301403 0.09603216678990198
1 0.0003611422371161844 0.9416127500674595 0.058026107695424156
1 0.0011254943641458134 0.7783262626577958 0.22054824297805867
1 0.0004734230448317094 0.928249974468436 0.0712766024867324
0 0.9958364096586009 0.003337137063006636 0.0008264532783924071
0 0.9958660571600219 0.0030137286513115015 0.0011202141886665607
0 0.9958842515549235 0.003012421786128194 0.0011033266589482165
0 0.995239325029337 0.003838178342991757 0.0009224966276714834
1 0.0001137434770282887 0.8877996691427092 0.11208658738026224
1 7.949026557550054e-05 0.5425402815001305 0.45738022823429386
1 0.022322629740731823 0.8357981138218694 0.14187925643739874
0 0.10199850812644509 0.6872239569416759 0.21077753493187906
0 0.9932871987802965 0.00024613437232126633 0.006466666847382346
0 0.981414506413951 0.001986918771089552 0.01659857481495959
0 0.987316830580892 0.002011452411977221 0.010671717007130679
0 0.9943371504115135 0.00024259859882296865 0.00542025098966368
0 0.03487173990191666 0.882754589061334 0.08237367103674942
0 0.19679042753515036 0.5356020459245568 0.2676075265402928
0 0.12516505382171317 0.671750487363965 0.2030844588143216
0 0.08319042517544935 0.8161832072477824 0.10062636757676832
0 0.003056318242677344 0.4681566966495085 0.5287869851078137
1 0.013281654841603922 0.8911053825612042 0.0956129625971918
0 0.9718754803950496 0.013172030755757732 0.014952488849192633
0 0.9666701583655458 0.013382406582024284 0.019947435052429824
0 0.967501567870587 0.013590488725703212 0.018907943403709642
0 0.9723470811356533 0.013467120052003978 0.014185798812342457
0 0.6805682337947463 0.2850560595988222 0.03437570660643178
0 0.7415490133623721 0.18858648739019337 0.06986449924743436
0 0.7195050181075335 0.2190164346043431 0.06147854728812342
0 0.6552415870885994 0.30447326704694244 0.04028514586445852
0 0.10106050518198671 0.799375456542675 0.09956403827533843
0 0.191563799903283 0.5788431851282765 0.22959301496844017
0 0.16373808316879845 0.6491401685643208 0.18712174826688066
0 0.13145595126504386 0.7368093731179769 0.13173467561697938
0 0.4375412290821855 0.5242338214703293 0.038224949447485244
0 0.5774584914215846 0.3245329137623368 0.0980085948160785
0 0.5590382363682673 0.3658395099056997 0.07512225372603283
0 0.550355487415735 0.4106304158476914 0.03901409673657354
1 0.0010641240154335137 0.8869338408856273 0.11200203509893929
1 7.204871398705734e-06 0.9473968585213849 0.052595936607216225
1 0.0007422855477589443 0.8052858289727439 0.19397188547949706
1 0.00013286310021642857 0.9160715799903643 0.08379555690941942
0 0.29651963489708155 0.4716248232561258 0.23185554184679238
0 0.3208870382732012 0.29960633917632834 0.37950662255047046
0 0.32450325316486367 0.34941544481192494 0.3260813020232112
0 0.3429709532238317 0.4078297992760559 0.2491992475001123
0 0.047153086019265066 0.7811887068054434 0.1716582071752914
0 0.1758459481460656 0.20504659417615917 0.6191074576777752
0 0.14143871010211412 0.3549592354705038 0.5036020544273818
0 0.17516980826233078 0.6055957250033939 0.21923446673427543
0 0.08428784320360055 0.5643726918495102 0.3513394649468892
0 0.0765913782347128 0.42556884655918464 0.4978397752061028
0 0.14123885549622545 0.41280402271410876 0.44595712178966584
0 0.08266782524413606 0.2664697154918839 0.6508624592639799
0 0.1007383792150269 0.3101729314974788 0.5890886892874945
0 0.1298575330376402 0.3989141951446873 0.4712282718176724
0 0.08672919340681237 0.7642033878958392 0.14906741869734805
0 0.12534557159528964 0.5138606462180616 0.3607937821866484
0 0.11875168342398994 0.602401350310085 0.27884696626592487
0 0.11571164713139105 0.712498368109979 0.17178998475862958
0 0.9902214274321613 0.007516628187570437 0.0022619443802679106
0 0.9927031662086617 0.00400851524758126 0.0032883185437569077
0 0.9901537184066005 0.004881160920907043 0.004965120672492387
0 0.9919313676047341 0.005683396586523975 0.00238523580874194
1 0.019721290311506223 0.8194817964058011 0.16079691328269266
1 0.0007182355121101674 0.8215601393353907 0.17772162515249904
0 0.036492055511251495 0.8739552309938283 0.08955271349492014
0 0.6162248943080324 0.32118736464432035 0.06258774104764692
0 0.6293465136793531 0.2725125740292266 0.09814091229142007
0 0.6194940617007507 0.29427080110319837 0.08623513719605094
0 0.6063745003813968 0.3242788946760592 0.0693466049425438
1 0.002935418257277534 0.7279052652699473 0.2691593164727753
0 0.0020994787959756293 0.3327979497370731 0.6651025714669513
1 0.0029120318796698923 0.4702375747169473 0.5268503934033829
1 0.0028457349187532965 0.6610810874262875 0.3360731776549592
0 0.12738941673731974 0.25331304941982324 0.6192975338428569
0 0.03892520887586704 0.12775790101514642 0.8333168901089862
0 0.061428061715228716 0.16924742800651843 0.7693245102782529
0 0.10374276871582827 0.22763498349811562 0.668622247786056
0 0.9848712618271189 0.0035012853295911693 0.011627452843290214
0 0.9885800674004205 0.0005331679607256583 0.010886764638853786
0 0.9857994937466934 0.0021131022784621626 0.012087403974844375
0 0.9932132709385129 0.0006054892933149198 0.006181239768172437
0 0.9887863353829908 0.0037489823717481788 0.007464682245261399
0 0.9900419275342531 0.0014287792396047217 0.008529293226142322
0 0.9898207429011759 0.0016656917160096333 0.008513565382814316
0 0.98978238200605 0.0025624032632217634 0.007655214730728276
0 0.038315809958390894 0.8059926064805087 0.15569158356110047
0 0.0062839626522234425 0.04343538787765827 0.9502806494701181
0 0.08761069398129953 0.26343644642955316 0.6489528595891473
0 0.025586742429118025 0.09025693559396425 0.8841563219769176
0 0.03960241139019666 0.13403969169873947 0.8263578969110638
0 0.0709578930323831 0.21504811145012856 0.7139939955174883
0 0.23099488622493158 0.5400293819024358 0.22897573187263284
0 0.2729674142618107 0.26478154683999816 0.4622510388981913
0 0.2850723485532374 0.3297175258116937 0.38521012563506896
0 0.3743568129177499 0.38650196024329103 0.23914122683895897
0 0.011262894780852926 0.778763639866555 0.20997346535259243
0 0.025719808518044784 0.26296813114442386 0.7113120603375316
0 0.019544737691784317 0.4453930078923176 0.5350622544158979
0 0.026749084129151675 0.7026376721860951 0.2706132436847532
1 0.0006273422358099958 0.8478321673962217 0.1515404903679682
0 0.6954341245539459 0.2779101732503362 0.026655702195717997
0 0.9701193044915528 0.02229043803534703 0.0075902574731001584
0 0.9864795508086658 0.00792036681879479 0.0056000823725394265
0 0.9558575095035935 0.03662491799322174 0.00751757250318493
2 0.00047266660475272826 0.13712484297019417 0.8624024904250528
2 0.009470667858920348 0.09792126653562336 0.8926080656054564
0 0.740174169165526 0.12355369730417393 0.13627213353030013
0 0.7490362850466232 0.07871401446668815 0.1722497004866885
0 0.7538666136164867 0.09121988201700601 0.15491350436650736
0 0.7794899024491966 0.09707387329354884 0.12343622425725431
0 0.07997380694060381 0.6917049163571345 0.2283212767022616
0 0.9649122358242568 0.02527452411129315 0.009813240064449967
0 0.9669383158872783 0.019941238970891836 0.013120445141829537
0 0.9664357070723999 0.02187920959126583 0.01168508333633455
0 0.9716502934354749 0.019363271284265116 0.008986435280260052
2 3.128620604878706e-05 0.12650795399301315 0.8734607598009382
1 0.010460714793578678 0.9476718713448987 0.04186741386152298
1 0.09577956826491556 0.6126911121890222 0.2915293195460622
1 0.047667374788990434 0.7891695762453498 0.16316304896565983
1 0.01447506057340438 0.9174347766624662 0.06809016276412937
0 0.8394993830415735 0.1416421813096243 0.018858435648802182
0 0.8671486254550532 0.10362427774844295 0.029227096796503635
0 0.8613860033615505 0.11211931808440019 0.02649467855404961
0 0.8628101229239284 0.1188637052914178 0.018326171784653913
0 0.14209384548522996 0.36351560526402965 0.49439054925074055
0 0.05939524023075405 0.17603649227406923 0.7645682674951767
0 0.08195721328944809 0.23103570960640366 0.6870070771041484
0 0.12194117847618714 0.31975937472352045 0.5582994468002924
0 0.12602560671078172 0.31803909538246483 0.5559352979067532
2 0.0001403419678230306 0.4302262940056186 0.5696333640265582
2 7.442794972934157e-05 0.2249119603896886 0.7750136116605821
2 0.00014971871175786542 0.399795692105749 0.6000545891824928
0 0.9902566599221071 0.00329170273055758 0.006451637347335445
0 0.9923406297187466 0.001312870880851404 0.006346499400401898
0 0.9891457710146369 0.001734507228739753 0.00911972175662352
0 0.9947958985930254 0.001697333897925355 0.0035067675090494138
0 0.9780139249497855 0.01621009073955172 0.005775984310662926
0 0.9886092095886017 0.005434574060063266 0.005956216351335126
0 0.9879365144071155 0.005863014543032611 0.006200471049851743
0 0.9867949005469989 0.00860539468321398 0.0045997047697871425
1 0.0015544051392792496 0.8655362463391054 0.13290934852161512
1 0.0028953866217446968 0.9686072987257509 0.028497314652504324
0 0.5624751347243977 0.288689422988829 0.14883544228677328
0 0.4546465360759892 0.15072065338675522 0.3946328105372554
0 0.585257280256938 0.38526679434132816 0.029475925401733796
0 0.6081113153289552 0.33390508315321776 0.05798360151782679
0 0.617059250033612 0.3374134425749377 0.04552730739145042
0 0.61158034479183 0.3571003861205055 0.0313192690876647
1 0.008697298928551303 0.9521767023816023 0.03912599868984641
0 0.15712339005729928 0.5122444230907077 0.3306321868519927
1 0.06777424982862286 0.7350588429728901 0.19716690719848678
1 0.008909626593534456 0.942623198349358 0.048467175057107334
0 0.884197353541458 0.05955800599142417 0.05624464046711748
0 0.8992313908898764 0.034995097475807695 0.06577351163431609
0 0.8989763043313455 0.03941610609392656 0.06160758957472786
